603999	读者传媒	1	0	
603998	方盛制药	1	0	
603997	继峰股份	1	0	
603996	中新科技	1	0	
603993	洛阳钼业	1	0	
603989	艾华集团	1	0	
603988	中电电机	1.059266	1	持股 1.059266	
603979	金诚信	1	0	
603969	银龙股份	1	0	
603968	醋化股份	1	0	
603939	益丰药房	1	0	
603936	博敏电子	1	0	
603918	金桥信息	1	0	
603901	永创智能	0.9000285	1	持币	
603899	晨光文具	0.8564628	1	持币	
603898	好莱客	1	0	
603889	新澳股份	1	0	
603885	吉祥航空	1	0	
603883	老百姓	1	0	
603869	北部湾旅	1	0	
603866	桃李面包	1	0	
603838	四通股份	1	0	
603828	柯利达	1	0	
603818	曲美家居	1	0	
603808	歌力思	1	0	
603806	福斯特	1	0	
603800	道森股份	1	0	
603799	华友钴业	1	0	
603789	星光农机	1	0	
603788	宁波高发	1	0	
603778	乾景园林	1	0	
603766	隆鑫通用	1	0	
603729	龙韵股份	1	0	
603718	海利生物	1	0	
603703	盛洋科技	1	0	
603699	纽威股份	1	0	
603698	航天工程	1	0	
603696	安记食品	1	0	
603688	石英股份	1	0	
603686	龙马环卫	1	0	
603678	火炬电子	1	0	
603669	灵康药业	1	0	
603636	南威软件	1	0	
603618	杭电股份	1	0	
603616	韩建河山	1	0	
603611	诺力股份	0.8177238	2	持币	
603609	禾丰牧业	1	0	
603606	东方电缆	1	0	
603601	再升科技	1	0	
603600	永艺股份	1	0	
603599	广信股份	1	0	
603598	引力传媒	1	0	
603589	口子窖	1	0	
603588	高能环境	1	0	
603568	伟明环保	1	0	
603567	珍宝岛	1	0	
603566	普莱柯	1	0	
603558	健盛集团	1	0	
603555	贵人鸟	1	0	
603519	立霸股份	1	0	
603518	维格娜丝	1	0	
603508	思维列控	1	0	
603456	九洲药业	1	0	
603399	新华龙	1	0	
603398	邦宝益智	0.985824	1	持股 0.985824	
603369	今世缘	1	0	
603368	柳州医药	1	0	
603366	日出东方	1	0	
603355	莱克电气	1	0	
603338	浙江鼎力	1	0	
603333	明星电缆	1	0	
603328	依顿电子	1	0	
603318	派思股份	0.8920556	1	持币	
603315	福鞍股份	1	0	
603311	金海环境	1	0	
603309	维力医疗	0.8769336	1	持币	
603308	应流股份	1	0	
603306	华懋科技	1	0	
603300	华铁科技	0.9	1	持币	
603299	井神股份	1	0	
603288	海天味业	1	0	
603268	松发股份	1	0	
603227	雪峰科技	1	0	
603223	恒通股份	1	0	
603222	济民制药	1	0	
603199	九华旅游	1	0	
603198	迎驾贡酒	1	0	
603188	亚邦股份	1	0	
603169	兰石重装	1	0	
603168	莎普爱思	1	0	
603167	渤海轮渡	1	0	
603166	福达股份	1	0	
603158	腾龙股份	1	0	
603128	华贸物流	1	0	
603126	中材节能	1	0	
603123	翠微股份	1	0	
603118	共进股份	1	0	
603117	万林股份	1	0	
603116	红蜻蜓	1	0	
603111	康尼机电	1	0	
603108	润达医疗	0.8100588	2	持币	
603100	川仪股份	1	0	
603099	长白山	1	0	
603088	宁波精达	1	0	
603085	天成自控	1	0	
603077	和邦生物	1	0	
603066	音飞储存	1	0	
603030	全筑股份	1	0	
603026	石大胜华	1	0	
603025	大豪科技	1	0	
603023	威帝股份	1	0	
603022	新通联	1	0	
603021	山东华鹏	1	0	
603020	爱普股份	1	0	
603019	中科曙光	1	0	
603018	设计股份	1	0	
603017	中衡设计	1	0	
603015	弘讯科技	1	0	
603012	创力集团	1	0	
603011	合锻股份	1	0	
603010	万盛股份	1	0	
603009	北特科技	1	0	
603008	喜临门	1	0	
603006	联明股份	0.9158087	1	持币	
603005	晶方科技	1	0	
603003	龙宇燃油	0.8999608	1	持币	
603002	宏昌电子	1	0	
603001	奥康国际	1	0	
603000	人民网	1	0	
601999	出版传媒	1	0	
601998	中信银行	1	0	
601996	丰林集团	1	0	
601992	金隅股份	1	0	
601991	大唐发电	1	0	
601989	中国重工	1	0	
601988	中国银行	1	0	
601985	中国核电	1	0	
601969	海南矿业	1	0	
601968	宝钢包装	1	0	
601965	中国汽研	1	0	
601958	金钼股份	1	0	
601939	建设银行	1	0	
601933	永辉超市	1	0	
601929	吉视传媒	1	0	
601928	凤凰传媒	1	0	
601919	中国远洋	1	0	
601918	国投新集	1	0	
601908	京运通	1	0	
601901	方正证券	1	0	
601899	紫金矿业	0.9103642	1	持币	
601898	中煤能源	0.8151167	2	持币	
601890	亚星锚链	0.8322933	1	持币	
601888	中国国旅	1	0	
601886	江河创建	1	0	
601880	大连港	1	0	
601877	正泰电器	1	0	
601872	招商轮船	1	0	
601866	中海集运	1	0	
601857	中国石油	1	0	
601818	光大银行	1	0	
601808	中海油服	1	0	
601801	皖新传媒	1	0	
601800	中国交建	1	0	
601799	星宇股份	1	0	
601798	蓝科高新	1	0	
601789	宁波建工	1	0	
601788	光大证券	1	0	
601777	力帆股份	1	0	
601766	中国中车	1	0	
601727	上海电气	1	0	
601718	际华集团	1	0	
601717	郑煤机	1	0	
601700	风范股份	0.917847	1	持币	
601699	潞安环能	0.9558823	1	持股 0.9558823	
601689	拓普集团	1	0	
601688	华泰证券	1	0	
601678	滨化股份	1	0	
601677	明泰铝业	0.7578118	2	持币	
601669	中国电建	1	0	
601668	中国建筑	1	0	
601666	平煤股份	0.8173578	2	持币	
601636	旗滨集团	1	0	
601633	长城汽车	1	0	
601628	中国人寿	1	0	
601618	中国中冶	1	0	
601616	广电电气	0.9002493	1	持币	
601608	中信重工	1	0	
601607	上海医药	1	0	
601601	中国太保	1	0	
601600	中国铝业	1	0	
601599	鹿港科技	1	0	
601588	北辰实业	1	0	
601579	会稽山	1	0	
601567	三星医疗	1	0	
601566	九牧王	0.8473318	1	持币	
601558	华锐风电	1	0	
601555	东吴证券	1	0	
601519	大智慧	1	0	
601518	吉林高速	1	0	
601515	东风股份	1	0	
601398	工商银行	1	0	
601390	中国中铁	1	0	
601388	怡球资源	1	0	
601377	兴业证券	1	0	
601369	陕鼓动力	1	0	
601368	绿城水务	1	0	
601339	百隆东方	1	0	
601336	新华保险	1	0	
601333	广深铁路	1	0	
601328	交通银行	1	0	
601318	中国平安	1	0	
601313	江南嘉捷	1	0	
601311	骆驼股份	1	0	
601299	中国北车	1	0	
601288	农业银行	1	0	
601268	*ST二重	1	0	
601258	庞大集团	1	0	
601238	广汽集团	1	0	
601233	桐昆股份	1	0	
601231	环旭电子	1	0	
601226	华电重工	1	0	
601225	陕西煤业	0.9133065	1	持币	
601222	林洋能源	1	0	
601218	吉鑫科技	1	0	
601216	君正集团	1	0	
601211	国泰君安	1	0	
601208	东材科技	0.8102863	2	持币	
601199	江南水务	1	0	
601198	东兴证券	1	0	
601188	龙江交通	0.8882353	1	持币	
601186	中国铁建	1	0	
601179	中国西电	1	0	
601177	杭齿前进	1	0	
601169	北京银行	1	0	
601168	西部矿业	1	0	
601166	兴业银行	0.9183674	1	持币	
601158	重庆水务	1	0	
601155	新城控股	1	0	
601139	深圳燃气	1	0	
601137	博威合金	1	0	
601126	四方股份	1	0	
601118	海南橡胶	1	0	
601117	中国化学	1	0	
601116	三江购物	1	0	
601113	华鼎股份	0.8420561	1	持币	
601111	中国国航	1	0	
601107	四川成渝	1	0	
601106	中国一重	1	0	
601101	昊华能源	1	0	
601100	恒立油缸	1	0	
601099	太平洋	1	0	
601098	中南传媒	1	0	
601088	中国神华	0.8201971	2	持币	
601069	西部黄金	1.041169	1	持币	
601058	赛轮金宇	1	0	
601038	一拖股份	1	0	
601028	玉龙股份	0.8771139	1	持币	
601021	春秋航空	1	0	
601018	宁波港	1	0	
601016	节能风电	1	0	
601015	陕西黑猫	1	0	
601012	隆基股份	1	1	持股 0	一周内已买入	
601011	宝泰隆	1	0	
601010	文峰股份	1	0	
601009	南京银行	1	0	
601008	连云港	1	0	
601007	金陵饭店	1	0	
601006	大秦铁路	1	0	
601005	重庆钢铁	0.8271698	2	持币	
601003	柳钢股份	0.8134616	2	持币	
601002	晋亿实业	1	0	
601001	大同煤业	1.11301	1	持币	
601000	唐山港	1	0	
600999	招商证券	1	0	
600998	九州通	1	0	
600997	开滦股份	0.8916084	1	持币	
600995	文山电力	0.9732558	1	持股 0.9732558	
600993	马应龙	1	0	
600992	贵绳股份	1	0	
600990	四创电子	1	0	
600988	赤峰黄金	0.8099384	2	持币	
600987	航民股份	1	0	
600986	科达股份	1	0	
600985	雷鸣科化	1	0	
600984	*ST建机	1	0	
600983	惠而浦	1	0	
600982	宁波热电	1	0	
600981	汇鸿集团	1	0	
600980	北矿磁材	1	0	
600979	广安爱众	1	0	
600978	宜华木业	1	0	
600976	健民集团	1	0	
600975	新五丰	1	0	
600973	宝胜股份	1	0	
600971	恒源煤电	0.8175235	2	持币	
600970	中材国际	1	0	
600969	郴电国际	1	0	
600967	北方创业	1	0	
600966	博汇纸业	0.8360389	2	持币	
600965	福成五丰	1	0	
600963	岳阳林纸	1	0	
600962	*ST中鲁	1	0	
600961	株冶集团	1	0	
600960	渤海活塞	1	0	
600959	江苏有线	1	0	
600958	东方证券	1	0	
600917	重庆燃气	1	0	
600900	长江电力	1	0	
600898	三联商社	1	0	
600897	厦门空港	1	0	
600896	中海海盛	1	0	
600895	张江高科	1	0	
600894	广日股份	1	0	
600893	中航动力	1	0	
600892	宝诚股份	1	0	
600891	秋林集团	1	0	
600890	中房股份	1	0	
600889	南京化纤	1	0	
600888	新疆众和	1	0	
600887	伊利股份	1	0	
600886	国投电力	1	0	
600885	宏发股份	1	0	
600884	杉杉股份	1	0	
600883	博闻科技	1	0	
600882	华联矿业	1	0	
600881	亚泰集团	1	0	
600880	博瑞传播	1	0	
600879	航天电子	0.8346282	1	持币	
600877	中国嘉陵	1	0	
600876	洛阳玻璃	1	0	
600875	东方电气	1	0	
600874	创业环保	0.8796992	1	持币	
600873	梅花生物	1	0	
600872	中炬高新	1	0	
600871	石化油服	1	0	
600870	*ST厦华	1	0	
600869	智慧能源	1	0	
600868	梅雁吉祥	0.9118497	1	持币	
600867	通化东宝	1	0	
600866	星湖科技	1	0	
600865	百大集团	1	0	
600864	哈投股份	1	0	
600863	内蒙华电	1	0	
600862	南通科技	1	0	
600861	北京城乡	1	0	
600860	京城股份	1	0	
600859	王府井	1	0	
600858	银座股份	1	0	
600857	宁波中百	1	0	
600856	中天能源	0.9018883	1	持币	
600855	航天长峰	0.8881268	1	持币	
600854	春兰股份	1	0	
600853	龙建股份	1	0	
600851	海欣股份	1	0	
600850	华东电脑	1	0	
600848	上海临港	1	0	
600847	万里股份	1	0	
600846	同济科技	1	0	
600845	宝信软件	1	0	
600844	丹化科技	1	0	
600843	上工申贝	1	0	
600841	上柴股份	1	0	
600839	四川长虹	1	0	
600838	上海九百	1	0	
600837	海通证券	1	0	
600836	界龙实业	1.072673	1	持币	
600835	上海机电	1	0	
600834	申通地铁	0.8906801	1	持币	
600833	第一医药	1	0	
600832	东方明珠	1	0	
600831	广电网络	1	0	
600830	香溢融通	1	0	
600829	人民同泰	1	0	
600828	成商集团	0.9050772	1	持币	
600827	百联股份	1	0	
600826	兰生股份	0.8713477	2	持币	
600825	新华传媒	1	0	
600824	益民集团	1	0	
600823	世茂股份	1	0	
600822	上海物贸	0.843466	1	持币	
600821	津劝业	1	0	
600820	隧道股份	1	0	
600819	耀皮玻璃	1	0	
600818	中路股份	1	0	
600817	ST宏盛	1	0	
600816	安信信托	0.8811002	1	持币	
600815	厦工股份	1	0	
600814	杭州解百	0.8623311	1	持币	
600812	华北制药	1	0	
600811	东方集团	1	0	
600810	神马股份	1	0	
600809	山西汾酒	0.8852193	1	持币	
600808	马钢股份	0.8198813	2	持币	
600807	天业股份	1	0	
600806	昆明机床	1	1	持股 0	一周内已买入	
600805	悦达投资	1	0	
600804	鹏博士	1	0	
600803	新奥股份	1	0	
600802	福建水泥	1	0	
600801	华新水泥	0.9023486	1	持币	
600800	天津磁卡	1	0	
600798	宁波海运	1	0	
600797	浙大网新	1	0	
600796	钱江生化	1	0	
600795	国电电力	1	0	
600794	保税科技	1	0	
600793	ST宜纸	1	0	
600792	云煤能源	1	0	
600791	京能置业	1.084523	1	持股 1.084523	
600790	轻纺城	1	0	
600789	鲁抗医药	1	0	
600787	中储股份	1	0	
600785	新华百货	0.9003856	1	持币	
600784	鲁银投资	1	0	
600783	鲁信创投	1	0	
600782	新钢股份	1.077694	1	持币	
600781	辅仁药业	0.9669716	1	持股 0.9669716	
600780	通宝能源	1	0	
600779	*ST水井	1	0	
600778	友好集团	1	0	
600777	新潮实业	0.9	1	持币	
600776	东方通信	1	0	
600775	南京熊猫	1	0	
600774	汉商集团	0.9001591	1	持币	
600773	西藏城投	1	0	
600771	广誉远	1	0	
600770	综艺股份	1	0	
600769	祥龙电业	1	0	
600768	宁波富邦	1	0	
600767	运盛医疗	1	0	
600766	园城黄金	1	0	
600765	中航重机	1	0	
600764	中电广通	1	0	
600763	通策医疗	1	0	
600761	安徽合力	1	0	
600760	中航黑豹	1	0	
600759	洲际油气	1	0	
600758	红阳能源	1	0	
600757	长江传媒	1	0	
600756	浪潮软件	1	0	
600755	厦门国贸	0.8462415	1	持币	
600754	锦江股份	1	0	
600753	东方银星	1	0	
600751	天海投资	1	0	
600750	江中药业	1	0	
600749	西藏旅游	1	0	
600748	上实发展	1	0	
600747	大连控股	1	0	
600746	江苏索普	1	0	
600745	中茵股份	1	0	
600744	华银电力	1	0	
600743	华远地产	1	0	
600742	一汽富维	1	0	
600741	华域汽车	1	0	
600740	山西焦化	1	0	
600739	辽宁成大	1	0	
600738	兰州民百	1	0	
600737	中粮屯河	1	0	
600736	苏州高新	0.8997189	1	持币	
600735	新华锦	1	0	
600734	实达集团	1	0	
600733	S前锋	1	0	
600732	*ST新梅	1	0	
600731	湖南海利	1	0	
600730	中国高科	1	0	
600729	重庆百货	0.8998554	1	持币	
600728	佳都科技	1	0	
600727	鲁北化工	1	0	
600726	华电能源	1	0	
600725	云维股份	1	0	
600724	宁波富达	1	0	
600723	首商股份	1	0	
600722	*ST金化	0.9015607	1	持币	
600721	百花村	1	0	
600720	祁连山	0.9012486	1	持币	
600719	大连热电	1	0	
600718	东软集团	1	0	
600717	天津港	1	0	
600716	凤凰股份	1	0	
600715	*ST松辽	1	0	
600714	金瑞矿业	1	0	
600713	南京医药	1	0	
600712	南宁百货	1	0	
600711	盛屯矿业	1	0	
600710	*ST常林	1	0	
600708	光明地产	1	0	
600707	彩虹股份	1	0	
600706	曲江文旅	0.8796068	1	持币	
600705	中航资本	1	0	
600704	物产中大	1	0	
600703	三安光电	1	0	
600702	沱牌舍得	0.9001957	1	持币	
600701	工大高新	1	0	
600699	均胜电子	1	0	
600698	湖南天雁	1	0	
600697	欧亚集团	1	0	
600696	匹凸匹	1	0	
600695	绿庭投资	1	0	
600694	大商股份	1	0	
600693	东百集团	1.276274	1	持股 1.276274	
600692	亚通股份	1	0	
600691	*ST阳化	1	0	
600690	青岛海尔	1	0	
600689	上海三毛	1	0	
600688	上海石化	1	0	
600687	刚泰控股	1	0	
600686	金龙汽车	0.909632	1	持币	
600685	中船防务	0.8933333	1	持币	
600684	珠江实业	0.9129612	1	持币	
600683	京投银泰	1	0	
600682	南京新百	1	0	
600681	万鸿集团	1	0	
600680	上海普天	1	0	
600679	金山开发	1	0	
600678	四川金顶	1	0	
600677	航天通信	1.150034	1	持币	
600676	交运股份	0.9083518	1	持币	
600675	中华企业	1	0	
600674	川投能源	1	0	
600673	东阳光科	1	0	
600671	天目药业	1.30789	1	持币	
600668	尖峰集团	1	0	
600667	太极实业	1	0	
600666	奥瑞德	1	0	
600665	天地源	0.8997429	1	持币	
600664	哈药股份	1	0	
600663	陆家嘴	0.8849469	1	持币	
600662	强生控股	0.9126582	1	持币	
600661	新南洋	1	0	
600660	福耀玻璃	1	0	
600658	电子城	1	0	
600657	信达地产	1	0	
600656	*ST博元	1	0	
600655	豫园商城	1	0	
600654	中安消	1	0	
600653	申华控股	1	0	
600652	游久游戏	1	0	
600651	飞乐音响	0.9311753	2	持股 1.033937	
600650	锦江投资	0.8904142	1	持币	
600649	城投控股	1	0	
600648	外高桥	1	0	
600647	同达创业	1	0	
600645	中源协和	0.9042572	1	持币	
600644	*ST乐电	1	0	
600643	爱建集团	1	0	
600642	申能股份	1	0	
600641	万业企业	1	0	
600640	号百控股	1	0	
600639	浦东金桥	1	0	
600638	新黄浦	1	0	
600637	东方明珠	1	0	
600636	三爱富	1	0	
600635	大众公用	1	0	
600634	中技控股	1	0	
600633	浙报传媒	1	0	
600630	龙头股份	0.8517572	1	持币	
600629	华建集团	1	0	
600628	新世界	1	0	
600626	申达股份	1	0	
600624	复旦复华	1	0	
600623	双钱股份	1	0	
600622	嘉宝集团	1	0	
600621	华鑫股份	1	0	
600620	天宸股份	0.8697318	1	持币	
600619	海立股份	1	0	
600618	氯碱化工	0.9105132	1	持币	
600617	国新能源	1	0	
600616	金枫酒业	1	0	
600615	丰华股份	1	0	
600614	鼎立股份	1	0	
600613	神奇制药	1	0	
600612	老凤祥	1	0	
600611	大众交通	1	0	
600610	中毅达	1.099746	1	持股 1.099746	
600609	金杯汽车	1	0	
600608	*ST沪科	1	0	
600606	绿地控股	1	0	
600605	汇通能源	1	0	
600604	市北高新	1	0	
600603	大洲兴业	1.246494	1	持股 1.246494	
600602	仪电电子	0.8665541	1	持币	
600601	方正科技	1	0	
600600	青岛啤酒	1	0	
600599	熊猫金控	1	0	
600598	北大荒	1	0	
600597	光明乳业	1	0	
600596	新安股份	1	0	
600595	中孚实业	1	0	
600594	益佰制药	1	0	
600593	大连圣亚	1	0	
600592	龙溪股份	1	0	
600590	泰豪科技	1	0	
600589	广东榕泰	1	0	
600588	用友网络	1	0	
600587	新华医疗	1	0	
600586	金晶科技	1	0	
600585	海螺水泥	1	0	
600584	长电科技	1	0	
600583	海油工程	1	0	
600582	天地科技	1	0	
600581	八一钢铁	0.8098224	2	持币	
600580	卧龙电气	1	0	
600579	天华院	1	0	
600578	京能电力	1	0	
600577	精达股份	1	0	
600576	万家文化	1	0	
600575	皖江物流	1	0	
600573	惠泉啤酒	1	0	
600572	康恩贝	1	0	
600571	信雅达	1	0	
600570	恒生电子	1	0	
600569	安阳钢铁	0.939779	2	持币	
600568	中珠控股	1	0	
600567	山鹰纸业	0.9090909	1	持币	
600566	济川药业	1	0	
600565	迪马股份	1	0	
600563	法拉电子	1	0	
600562	国睿科技	0.9889495	2	持币	
600561	江西长运	0.9170447	1	持币	
600560	金自天正	1	0	
600559	老白干酒	1	0	
600558	大西洋	0.9196218	1	持币	
600557	康缘药业	1	0	
600556	慧球科技	1	0	
600555	九龙山	1	0	
600552	方兴科技	1	0	
600551	时代出版	1	0	
600550	保变电气	1	0	
600549	厦门钨业	1	0	
600548	深高速	1	0	
600547	山东黄金	0.9068068	1	持币	
600546	山煤国际	1.121223	1	持币	
600545	新疆城建	1	0	
600543	莫高股份	1	0	
600540	新赛股份	1	0	
600539	*ST狮头	1	0	
600538	国发股份	1	0	
600537	亿晶光电	1	0	
600536	中国软件	1	0	
600535	天士力	1	0	
600533	栖霞建设	1	0	
600532	宏达矿业	1	0	
600531	豫光金铅	1	0	
600530	交大昂立	1	0	
600529	山东药玻	1	0	
600528	中铁二局	1.026276	1	持股 1.026276	
600527	江南高纤	1	0	
600526	菲达环保	1	0	
600525	长园集团	1	0	
600523	贵航股份	1	0	
600522	中天科技	1	0	
600521	华海药业	0.8875715	1	持币	
600520	中发科技	1	0	
600519	贵州茅台	1	0	
600518	康美药业	1	0	
600517	置信电气	1	0	
600516	方大炭素	1	0	
600515	海岛建设	1	0	
600513	联环药业	0.9160722	1	持币	
600512	腾达建设	1	0	
600511	国药股份	0.8522193	1	持币	
600510	黑牡丹	1	0	
600509	天富能源	1	0	
600508	上海能源	0.8162817	2	持币	
600507	方大特钢	0.8996764	1	持币	
600506	香梨股份	1	0	
600505	西昌电力	1	0	
600503	华丽家族	1	0	
600502	安徽水利	1	0	
600501	航天晨光	0.9722227	2	持币	
600500	中化国际	0.9004256	1	持币	
600499	科达洁能	1	0	
600498	烽火通信	0.9784853	2	持币	
600497	驰宏锌锗	1	0	
600496	精工钢构	0.9065574	1	持币	
600495	晋西车轴	1	0	
600493	凤竹纺织	1	0	
600491	龙元建设	1	0	
600490	鹏欣资源	1	0	
600489	中金黄金	0.8851816	1	持币	
600488	天药股份	1	0	
600487	亨通光电	1	0	
600486	扬农化工	1	0	
600485	信威集团	0.9041096	1	持币	
600483	福能股份	1	0	
600482	风帆股份	1	0	
600481	双良节能	1	0	
600480	凌云股份	1	0	
600479	千金药业	1	0	
600478	科力远	1	0	
600477	杭萧钢构	0.865625	1	持币	
600476	湘邮科技	1	0	
600475	华光股份	0.9053498	1	持币	
600470	六国化工	1	0	
600469	风神股份	1	0	
600468	百利电气	0.9260312	2	持币	
600467	好当家	1	0	
600466	蓝光发展	1	0	
600463	空港股份	1	0	
600462	石岘纸业	1	0	
600461	洪城水业	1	0	
600460	士兰微	1	0	
600459	贵研铂业	1	0	
600458	时代新材	1	0	
600456	宝钛股份	0.9186691	1	持币	
600455	博通股份	1	0	
600452	涪陵电力	1	0	
600449	宁夏建材	1	0	
600448	华纺股份	0.859408	1	持币	
600446	金证股份	1	0	
600444	*ST国通	1	0	
600439	瑞贝卡	1	0	
600438	通威股份	1	0	
600436	片仔癀	1	0	
600435	北方导航	1	0	
600433	冠豪高新	1	0	
600432	吉恩镍业	1	0	
600429	三元股份	1	0	
600428	中远航运	1	0	
600426	华鲁恒升	1	0	
600425	青松建化	1.072581	1	持股 1.072581	
600423	柳化股份	1	0	
600422	昆药集团	1	0	
600421	仰帆控股	1	0	
600420	现代制药	1	0	
600419	天润乳业	1	0	
600418	江淮汽车	1	0	
600416	湘电股份	1	0	
600415	小商品城	1	0	
600410	华胜天成	1	0	
600409	三友化工	1	0	
600408	*ST安泰	1	0	
600406	国电南瑞	1	0	
600405	动力源	1	0	
600403	大有能源	0.9141914	1	持币	
600401	*ST海润	1	0	
600400	红豆股份	1	0	
600399	抚顺特钢	0.9144801	1	持币	
600398	海澜之家	1	0	
600397	安源煤业	0.8004125	2	持币	
600396	金山股份	1	0	
600395	盘江股份	1.056528	2	持股 1.015538	
600393	东华实业	1	0	
600392	盛和资源	1	0	
600391	成发科技	1	0	
600390	金瑞科技	1	0	
600389	江山股份	1	0	
600388	龙净环保	1	0	
600387	海越股份	1	0	
600386	北巴传媒	1	0	
600385	山东金泰	1	0	
600383	金地集团	1.062713	1	持股 1.062713	
600382	广东明珠	1	0	
600381	青海春天	1	0	
600380	健康元	1	0	
600379	宝光股份	1	0	
600378	天科股份	0.9192914	1	持币	
600377	宁沪高速	1	0	
600376	首开股份	1	0	
600375	华菱星马	1	0	
600373	中文传媒	1	0	
600372	中航电子	1	0	
600371	万向德农	1	0	
600370	三房巷	1	0	
600369	西南证券	1	0	
600368	五洲交通	1	0	
600367	红星发展	1	0	
600366	宁波韵升	1	0	
600365	通葡股份	1	0	
600363	联创光电	1	0	
600362	江西铜业	1	0	
600361	华联综超	1	0	
600360	华微电子	1	0	
600359	新农开发	1	0	
600358	国旅联合	1	0	
600356	恒丰纸业	1	0	
600355	精伦电子	1	0	
600354	敦煌种业	1	0	
600353	旭光股份	1	0	
600352	浙江龙盛	1	0	
600351	亚宝药业	1	0	
600350	山东高速	1	0	
600348	阳泉煤业	0.8300033	2	持币	
600346	大橡塑	1	0	
600345	长江通信	1	0	
600343	航天动力	0.9195531	1	持币	
600340	华夏幸福	1	0	
600339	天利高新	1	0	
600338	西藏珠峰	1	0	
600337	美克家居	1	0	
600336	澳柯玛	1	0	
600335	国机汽车	1	0	
600333	长春燃气	1	0	
600332	白云山	1	0	
600331	宏达股份	1	0	
600330	天通股份	1	0	
600329	中新药业	1	0	
600328	兰太实业	1	0	
600327	大东方	1	0	
600326	西藏天路	1	0	
600325	华发股份	1	0	
600323	瀚蓝环境	1	0	
600322	天房发展	0.905904	1	持币	
600321	国栋建设	1	0	
600320	振华重工	1	0	
600319	亚星化学	1	0	
600318	巢东股份	1	0	
600317	营口港	1	0	
600316	洪都航空	1	0	
600315	上海家化	1	0	
600313	农发种业	1	0	
600312	平高电气	1	0	
600311	ST荣华	1	0	
600310	桂东电力	1	0	
600309	万华化学	1	0	
600308	华泰股份	1	0	
600307	酒钢宏兴	1	0	
600306	商业城	1	0	
600305	恒顺醋业	1	0	
600303	曙光股份	1	0	
600302	标准股份	1	0	
600301	*ST南化	1	0	
600300	维维股份	0.8552239	1	持币	
600299	安迪苏	1	0	
600298	安琪酵母	0.9161717	1	持币	
600297	广汇汽车	1.017355	1	持股 1.017355	
600295	鄂尔多斯	1	0	
600293	三峡新材	1	0	
600292	中电远达	1	0	
600291	西水股份	1	0	
600290	华仪电气	1	0	
600289	亿阳信通	1	0	
600288	大恒科技	1	0	
600287	江苏舜天	1	0	
600285	羚锐制药	1	0	
600284	浦东建设	1	0	
600283	钱江水利	1	0	
600282	南钢股份	1	0	
600281	太化股份	1	0	
600280	中央商场	1	0	
600279	重庆港九	1	0	
600278	东方创业	1	0	
600277	亿利洁能	1	0	
600276	恒瑞医药	1	0	
600275	武昌鱼	1	0	
600273	嘉化能源	1	0	
600272	开开实业	1	0	
600271	航天信息	1	0	
600270	外运发展	1	0	
600269	赣粤高速	1	0	
600268	国电南自	1	0	
600267	海正药业	1	0	
600266	北京城建	1	0	
600265	ST景谷	1	0	
600262	北方股份	1	0	
600261	阳光照明	0.9751185	1	持股 0.9751185	
600260	凯乐科技	1	0	
600259	广晟有色	1	0	
600258	首旅酒店	1.021346	1	持股 1.021346	
600257	大湖股份	1	0	
600256	广汇能源	1	0	
600255	鑫科材料	1	0	
600252	中恒集团	1	0	
600251	冠农股份	1	0	
600250	南纺股份	1	0	
600249	两面针	1	0	
600248	延长化建	1	0	
600247	*ST成城	1	0	
600246	万通地产	0.9128508	1	持币	
600243	青海华鼎	1	0	
600242	*ST中昌	1	0	
600241	时代万恒	1	0	
600240	华业资本	1	0	
600239	云南城投	1	0	
600238	海南椰岛	1	0	
600237	铜峰电子	1	1	持股 0	一周内已买入	
600236	桂冠电力	1	0	
600235	民丰特纸	1	0	
600234	山水文化	1	0	
600233	大杨创世	1	0	
600232	金鹰股份	1	0	
600231	凌钢股份	1	0	
600230	沧州大化	0.9074461	1	持币	
600229	城市传媒	1	0	
600228	昌九生化	1	0	
600227	赤天化	1	0	
600226	升华拜克	1	0	
600225	天津松江	0.9021601	1	持币	
600223	鲁商置业	0.9097143	1	持币	
600222	太龙药业	1	0	
600221	海南航空	1	0	
600220	江苏阳光	1	0	
600219	南山铝业	1	0	
600218	全柴动力	1	0	
600217	*ST秦岭	1	0	
600216	浙江医药	0.9054515	1	持币	
600215	长春经开	1	0	
600213	亚星客车	1	0	
600212	江泉实业	1	0	
600211	西藏药业	0.9031118	1	持币	
600210	紫江企业	1	0	
600209	罗顿发展	1	0	
600208	新湖中宝	1	0	
600207	安彩高科	1	0	
600206	有研新材	1	0	
600203	福日电子	1	0	
600202	哈空调	0.9060822	2	持股 0.9968404	
600201	生物股份	1	0	
600200	江苏吴中	1	0	
600199	金种子酒	1	0	
600198	大唐电信	1	0	
600197	伊力特	1	0	
600196	复星医药	1	0	
600195	中牧股份	1	0	
600193	创兴资源	1	0	
600192	长城电工	1	0	
600191	华资实业	1	0	
600190	锦州港	1	0	
600189	吉林森工	1	0	
600188	兖州煤业	0.9028214	1	持币	
600187	国中水务	1	0	
600186	莲花健康	1	0	
600185	格力地产	1	0	
600184	光电股份	0.8751683	1	持币	
600183	生益科技	1	0	
600182	S佳通	1	0	
600180	瑞茂通	1	0	
600179	黑化股份	1	0	
600178	东安动力	0.9773351	2	持币	
600177	雅戈尔	1	0	
600176	中国巨石	1	0	
600175	美都能源	0.9005168	1	持币	
600173	卧龙地产	1	0	
600172	黄河旋风	1	0	
600171	上海贝岭	1	0	
600170	上海建工	1	0	
600169	太原重工	1	0	
600168	武汉控股	1	0	
600167	联美控股	1	0	
600166	福田汽车	1	0	
600165	新日恒力	1	0	
600163	*ST闽能	1	0	
600162	香江控股	1	0	
600161	天坛生物	0.9	1	持币	
600160	巨化股份	0.8767186	1	持币	
600159	大龙地产	1	0	
600158	中体产业	1	0	
600157	永泰能源	0.9006211	1	持币	
600156	华升股份	1	0	
600155	宝硕股份	1	0	
600153	建发股份	1	0	
600152	维科精华	1	0	
600151	航天机电	0.906325	1	持币	
600150	中国船舶	1	0	
600149	廊坊发展	1	0	
600148	长春一东	1	0	
600146	商赢环球	1	0	
600145	*ST新亿	1	0	
600143	金发科技	1	0	
600141	兴发集团	1	0	
600139	西部资源	0.9097878	1	持币	
600138	中青旅	1	0	
600137	浪莎股份	1	0	
600136	道博股份	1	1	持股 0	一周内已买入	
600135	乐凯胶片	0.8273231	2	持币	
600133	东湖高新	1	0	
600132	重庆啤酒	1	0	
600131	岷江水电	1	0	
600130	波导股份	1	0	
600129	太极集团	1	0	
600128	弘业股份	1	0	
600127	金健米业	1	0	
600126	杭钢股份	0.9008895	1	持币	
600125	铁龙物流	1	0	
600123	兰花科创	1.093116	2	持币	
600122	宏图高科	1	0	
600121	郑州煤电	1	0	
600120	浙江东方	1	0	
600119	长江投资	1	0	
600118	中国卫星	1	0	
600117	西宁特钢	0.8912387	1	持币	
600116	三峡水利	0.8695029	1	持币	
600115	东方航空	0.8922873	1	持币	
600114	东睦股份	1	0	
600113	浙江东日	1	0	
600112	天成控股	1	0	
600111	北方稀土	1	0	
600110	中科英华	1	0	
600109	国金证券	1	0	
600108	亚盛集团	1	0	
600107	美尔雅	0.9119333	1	持币	
600106	重庆路桥	1	0	
600105	永鼎股份	1	0	
600104	上汽集团	1	0	
600103	青山纸业	0.8958612	1	持币	
600101	明星电力	0.9002829	1	持币	
600100	同方股份	1	0	
600099	林海股份	1	0	
600098	广州发展	1	0	
600097	开创国际	1	0	
600096	云天化	1	0	
600095	哈高科	1	0	
600094	大名城	1	0	
600093	禾嘉股份	1	0	
600091	*ST明科	1	0	
600090	啤酒花	1	0	
600089	特变电工	1	0	
600088	中视传媒	1	0	
600086	东方金钰	1	0	
600085	同仁堂	1	0	
600084	中葡股份	1	0	
600083	博信股份	1	0	
600082	海泰发展	1	1	持股 0	一周内已买入	
600081	东风科技	0.8345214	1	持币	
600080	金花股份	1	0	
600079	人福医药	1	0	
600078	澄星股份	0.8399471	1	持币	
600077	宋都股份	1	0	
600076	青鸟华光	1	0	
600075	新疆天业	1	0	
600074	保千里	1	0	
600073	上海梅林	1	0	
600072	钢构工程	1	0	
600071	*ST光学	1	0	
600070	浙江富润	1	0	
600069	*ST银鸽	1	0	
600068	葛洲坝	1	0	
600067	冠城大通	1	0	
600066	宇通客车	1	0	
600064	南京高科	1	0	
600063	皖维高新	1	0	
600062	华润双鹤	1	0	
600061	国投安信	1	0	
600060	海信电器	1	0	
600059	古越龙山	1	0	
600058	五矿发展	1	0	
600057	象屿股份	1	0	
600056	中国医药	1	0	
600055	华润万东	1	0	
600054	黄山旅游	1	0	
600053	九鼎投资	1	0	
600052	浙江广厦	1	0	
600051	宁波联合	1	0	
600050	中国联通	1	0	
600048	保利地产	1	0	
600039	四川路桥	1	0	
600038	中直股份	1	0	
600037	歌华有线	1	0	
600036	招商银行	1	0	
600035	楚天高速	1	0	
600033	福建高速	1	0	
600031	三一重工	1	0	
600030	中信证券	1	0	
600029	南方航空	1	0	
600028	中国石化	1	0	
600027	华电国际	1	0	
600026	中海发展	1	0	
600023	浙能电力	1	0	
600022	山东钢铁	0.9318928	2	持币	
600021	上海电力	1	0	
600020	中原高速	1	0	
600019	宝钢股份	0.8996503	2	持股 0.9983107	
600018	上港集团	1	0	
600017	日照港	1	0	
600016	民生银行	0.9342106	1	持股 0.9342106	
600015	华夏银行	1	0	
600012	皖通高速	1	0	
600011	华能国际	1	0	
600010	包钢股份	1	0	
600009	上海机场	1	0	
600008	首创股份	1	0	
600007	中国国贸	1	0	
600006	东风汽车	1	0	
600005	武钢股份	0.8072528	2	持币	
600004	白云机场	1	0	
600000	浦发银行	1	0	
300498	温氏股份	0.826463	2	持币	
300497	富祥股份	1	0	
300496	中科创达	1	0	
300495	美尚生态	1	0	
300494	盛天网络	1	0	
300493	润欣科技	1	0	
300492	山鼎设计	1	0	
300491	通合科技	1	0	
300490	华自科技	1	0	
300489	中飞股份	1	0	
300488	恒锋工具	1	0	
300487	蓝晓科技	1	0	
300486	东杰智能	1	0	
300485	赛升药业	1	0	
300483	沃施股份	1	0	
300482	万孚生物	1	0	
300481	濮阳惠成	1	0	
300480	光力科技	1	0	
300479	神思电子	1	0	
300478	杭州高新	1	0	
300477	合纵科技	1	0	
300476	胜宏科技	1	0	
300475	聚隆科技	1	0	
300473	德尔股份	1	0	
300472	新元科技	1	0	
300471	厚普股份	1	0	
300470	日机密封	1	0	
300469	信息发展	1	0	
300468	四方精创	1	0	
300467	迅游科技	1	0	
300466	赛摩电气	1	0	
300465	高伟达	1	0	
300464	星徽精密	1	0	
300463	迈克生物	1	0	
300462	华铭智能	1.1	1	持股 1.1	
300461	田中精机	1	0	
300460	惠伦晶体	1	0	
300459	浙江金科	1	0	
300458	全志科技	1	0	
300457	赢合科技	1	0	
300456	耐威科技	1	0	
300455	康拓红外	1	0	
300453	三鑫医疗	1	0	
300452	山河药辅	1	0	
300451	创业软件	1	0	
300450	先导智能	1	0	
300449	汉邦高科	1	0	
300448	浩云科技	1	0	
300447	全信股份	1	0	
300446	乐凯新材	1	0	
300445	康斯特	1	0	
300444	双杰电气	1	0	
300443	金雷风电	1	0	
300442	普丽盛	1	0	
300441	鲍斯股份	1	0	
300440	运达科技	1	0	
300439	美康生物	1	0	
300438	鹏辉能源	1	0	
300437	清水源	1	0	
300436	广生堂	1	0	
300435	中泰股份	0.9001641	1	持币	
300434	金石东方	1	0	
300433	蓝思科技	1	0	
300432	富临精工	1	0	
300431	暴风科技	1	0	
300430	诚益通	1	0	
300429	强力新材	1	0	
300428	四通新材	1	0	
300427	红相电力	0.9991711	1	持股 0.9991711	
300426	唐德影视	0.8907917	1	持币	
300425	环能科技	1	0	
300424	航新科技	1	0	
300423	鲁亿通	1	0	
300422	博世科	1	0	
300421	力星股份	1	0	
300420	五洋科技	1	0	
300419	浩丰科技	1	0	
300418	昆仑万维	1	0	
300417	南华仪器	1	0	
300416	苏试试验	1	0	
300415	伊之密	1	0	
300414	中光防雷	1	0	
300413	快乐购	1	0	
300412	迦南科技	1	0	
300411	金盾股份	1	0	
300410	正业科技	1	0	
300409	道氏技术	1.103005	1	持股 1.103005	
300408	三环集团	1	0	
300407	凯发电气	1	0	
300406	九强生物	1	0	
300405	科隆精化	1	0	
300404	博济医药	1	0	
300403	地尔汉宇	1	0	
300402	宝色股份	1	0	
300401	花园生物	1	1	持股 0	一周内已买入	
300400	劲拓股份	1	0	
300399	京天利	1	0	
300398	飞凯材料	1	0	
300397	天和防务	1	0	
300396	迪瑞医疗	1	0	
300395	菲利华	1	0	
300394	天孚通信	1	0	
300393	中来股份	1	0	
300392	腾信股份	1	0	
300391	康跃科技	1	0	
300390	天华超净	1	0	
300389	艾比森	0.8841929	1	持币	
300388	国祯环保	1	0	
300387	富邦股份	1	0	
300386	飞天诚信	1	0	
300385	雪浪环境	1	0	
300384	三联虹普	1	0	
300383	光环新网	1	0	
300382	斯莱克	1	0	
300381	溢多利	1	0	
300380	安硕信息	1	0	
300379	东方通	1	0	
300378	鼎捷软件	1	0	
300377	赢时胜	1	0	
300376	易事特	0.9982647	1	持股 0.9982647	
300375	鹏翎股份	1	0	
300374	恒通科技	1	0	
300373	扬杰科技	1	0	
300372	欣泰电气	1	0	
300371	汇中股份	1	0	
300370	安控科技	1	0	
300369	绿盟科技	1	0	
300368	汇金股份	1	0	
300367	东方网力	1	0	
300366	创意信息	1	0	
300365	恒华科技	1	0	
300364	中文在线	1	0	
300363	博腾股份	1	0	
300362	天翔环境	1.00932	1	持股 1.00932	
300360	炬华科技	1	0	
300359	全通教育	1	0	
300358	楚天科技	1	0	
300357	我武生物	1	0	
300356	光一科技	1	0	
300355	蒙草抗旱	1	0	
300354	东华测试	1	0	
300353	东土科技	1	0	
300352	北信源	1	0	
300351	永贵电器	1	0	
300350	华鹏飞	1	0	
300349	金卡股份	1	0	
300348	长亮科技	1	0	
300347	泰格医药	1	0	
300346	南大光电	1	0	
300345	红宇新材	1	0	
300344	太空板业	1	0	
300343	联创股份	1	0	
300342	天银机电	1	0	
300341	麦迪电气	1	0	
300340	科恒股份	1	0	
300339	润和软件	1	0	
300338	开元仪器	1	0	
300337	银邦股份	1	0	
300336	新文化	1	0	
300335	迪森股份	1	1	持股 1	
300334	津膜科技	1	0	
300333	兆日科技	1	0	
300332	天壕环境	1	0	
300331	苏大维格	1	0	
300330	华虹计通	1	0	
300329	海伦钢琴	0.9002913	2	持股 1.000365	
300328	宜安科技	1	0	
300327	中颖电子	0.9063712	1	持币	
300326	凯利泰	1	0	
300325	德威新材	1	0	
300324	旋极信息	1	0	
300323	华灿光电	0.8946322	1	持币	
300322	硕贝德	1	0	
300321	同大股份	1	0	
300320	海达股份	1	0	
300319	麦捷科技	1	0	
300318	博晖创新	1	0	
300317	珈伟股份	1	0	
300316	晶盛机电	1	0	
300315	掌趣科技	1	0	
300314	戴维医疗	1	0	
300313	天山生物	1	0	
300312	邦讯技术	1	0	
300311	任子行	1	0	
300310	宜通世纪	0.9360856	2	持币	
300309	吉艾科技	1	0	
300308	中际装备	1	0	
300307	慈星股份	1	0	
300306	远方光电	1	0	
300305	裕兴股份	1	0	
300304	云意电气	0.9067827	1	持币	
300303	聚飞光电	1	0	
300302	同有科技	1	1	持股 0	一周内已买入	
300301	长方照明	1.040478	1	持币	
300300	汉鼎股份	0.8424954	1	持币	
300299	富春通信	1	0	
300298	三诺生物	1	0	
300297	蓝盾股份	1	0	
300296	利亚德	1	0	
300295	三六五网	1	0	
300294	博雅生物	1	1	持股 0	一周内已买入	
300293	蓝英装备	1	0	
300292	吴通控股	1	0	
300291	华录百纳	1	0	
300290	荣科科技	1	0	
300289	利德曼	1	0	
300288	朗玛信息	1	0	
300287	飞利信	1	0	
300286	安科瑞	1	0	
300285	国瓷材料	1	0	
300284	苏交科	1	0	
300283	温州宏丰	1	0	
300282	汇冠股份	1	0	
300281	金明精机	1	0	
300280	南通锻压	1	0	
300279	和晶科技	1	0	
300278	华昌达	0.8691197	1	持币	
300277	海联讯	1	0	
300276	三丰智能	1	0	
300275	梅安森	0.8760196	1	持币	
300274	阳光电源	1	0	
300273	和佳股份	1	0	
300272	开能环保	1	0	
300271	华宇软件	1	0	
300270	中威电子	0.8903285	1	持币	
300269	联建光电	1	0	
300268	万福生科	1	0	
300267	尔康制药	0.9038575	1	持币	
300266	兴源环境	1	0	
300265	通光线缆	1	0	
300264	佳创视讯	0.8999602	1	持币	
300263	隆华节能	1	0	
300262	巴安水务	1	0	
300261	雅本化学	0.8925204	1	持币	
300260	新莱应材	1	0	
300259	新天科技	1	0	
300258	精锻科技	1	0	
300257	开山股份	1	0	
300256	星星科技	1	0	
300255	常山药业	1	0	
300254	仟源医药	1	0	
300253	卫宁健康	1	0	
300252	金信诺	0.8616036	1	持币	
300251	光线传媒	1	0	
300250	初灵信息	1	0	
300249	依米康	1	0	
300248	新开普	1	0	
300247	乐金健康	1	0	
300246	宝莱特	0.8999999	1	持币	
300245	天玑科技	1	0	
300244	迪安诊断	1	0	
300243	瑞丰高材	1	0	
300242	明家科技	1	0	
300241	瑞丰光电	1	0	
300240	飞力达	1	0	
300239	东宝生物	1	0	
300238	冠昊生物	1	0	
300237	美晨科技	1	0	
300236	上海新阳	1	0	
300235	方直科技	1	0	
300234	开尔新材	1	0	
300233	金城医药	1	0	
300232	洲明科技	1	0	
300231	银信科技	1	0	
300230	永利股份	1	0	
300229	拓尔思	1	0	
300228	富瑞特装	1	0	
300227	光韵达	1	0	
300226	上海钢联	1	0	
300225	金力泰	1	0	
300224	正海磁材	1	0	
300223	北京君正	1	0	
300222	科大智能	0.8544424	1	持币	
300221	银禧科技	1	0	
300220	金运激光	1	0	
300219	鸿利光电	1	0	
300218	安利股份	1	0	
300217	东方电热	1	0	
300216	千山药机	1	0	
300215	电科院	1	0	
300214	日科化学	1	0	
300213	佳讯飞鸿	1	0	
300212	易华录	1	0	
300211	亿通科技	1	0	
300210	森远股份	1	0	
300209	天泽信息	1	0	
300208	恒顺众N	1	0	
300207	欣旺达	1	0	
300206	理邦仪器	1	0	
300205	天喻信息	1	0	
300204	舒泰神	1	0	
300203	聚光科技	1	0	
300202	聚龙股份	1	0	
300201	海伦哲	1	0	
300200	高盟新材	1	0	
300199	翰宇药业	1	0	
300198	纳川股份	0.7768722	2	持币	
300197	铁汉生态	1	0	
300196	长海股份	1	0	
300195	长荣股份	1	0	
300194	福安药业	0.9978483	1	持股 0.9978483	
300193	佳士科技	1	0	
300192	科斯伍德	1	0	
300191	潜能恒信	1	0	
300190	维尔利	1	0	
300189	神农基因	1	0	
300188	美亚柏科	1	0	
300187	永清环保	1	0	
300186	大华农	1	0	
300185	通裕重工	1	0	
300184	力源信息	1	0	
300183	东软载波	1	0	
300182	捷成股份	1	0	
300181	佐力药业	1	0	
300180	华峰超纤	1	0	
300179	四方达	0.8335035	1	持币	
300178	腾邦国际	1	0	
300177	中海达	1	0	
300176	鸿特精密	1	0	
300175	朗源股份	0.8850837	1	持币	
300174	元力股份	1	0	
300173	智慧松德	1	0	
300172	中电环保	1	0	
300171	东富龙	1	0	
300170	汉得信息	1	0	
300169	天晟新材	1	0	
300168	万达信息	1	0	
300167	迪威视讯	1	0	
300166	东方国信	1	0	
300165	天瑞仪器	1	0	
300164	通源石油	1	0	
300163	先锋新材	1	0	
300162	雷曼股份	1	0	
300161	华中数控	1	0	
300160	秀强股份	1.177747	2	持股 0	一周内已买入	
300159	新研股份	0.9003135	1	持币	
300158	振东制药	1	0	
300157	恒泰艾普	1	0	
300156	神雾环保	1	0	
300155	安居宝	1	0	
300154	瑞凌股份	1	0	
300153	科泰电源	1	0	
300152	科融环境	1	0	
300151	昌红科技	1	0	
300150	世纪瑞尔	1	0	
300149	量子高科	1	0	
300148	天舟文化	1.04	1	持币	
300147	香雪制药	1	0	
300146	汤臣倍健	0.9149463	1	持币	
300145	南方泵业	1	0	
300144	宋城演艺	1	0	
300143	星河生物	1	0	
300142	沃森生物	1	0	
300141	和顺电气	1	0	
300140	启源装备	1	0	
300139	晓程科技	1	0	
300138	晨光生物	1	0	
300137	先河环保	1	0	
300136	信维通信	1	0	
300135	宝利国际	1	0	
300134	大富科技	1	0	
300133	华策影视	1	0	
300132	青松股份	1	0	
300131	英唐智控	1	0	
300130	新国都	1	0	
300129	泰胜风能	1	0	
300128	锦富新材	1	0	
300127	银河磁体	1	0	
300126	锐奇股份	1	0	
300125	易世达	1	0	
300124	汇川技术	1	0	
300123	太阳鸟	1	0	
300122	智飞生物	1	0	
300121	阳谷华泰	0.9001397	1	持币	
300120	经纬电材	1	0	
300119	瑞普生物	1	0	
300118	东方日升	1	0	
300117	嘉寓股份	1	0	
300116	坚瑞消防	1	0	
300115	长盈精密	1	0	
300114	中航电测	0.8999422	1	持币	
300113	顺网科技	1	0	
300112	万讯自控	1	0	
300111	向日葵	1	0	
300110	华仁药业	1	0	
300109	新开源	1	0	
300108	双龙股份	1	0	
300107	建新股份	1	0	
300106	西部牧业	1	0	
300105	龙源技术	1	0	
300104	乐视网	1	0	
300103	达刚路机	1	0	
300102	乾照光电	1	0	
300101	振芯科技	1	0	
300100	双林股份	0.9622939	2	持股 1.053347	
300099	尤洛卡	1	0	
300098	高新兴	1	0	
300097	智云股份	1	0	
300096	易联众	1	0	
300095	华伍股份	1	0	
300094	国联水产	1	0	
300093	金刚玻璃	1	0	
300092	科新机电	1	0	
300091	金通灵	1	0	
300090	盛运环保	1	0	
300089	文化长城	1	0	
300088	长信科技	1	0	
300087	荃银高科	1	0	
300086	康芝药业	1	0	
300085	银之杰	1	0	
300084	海默科技	1	0	
300083	劲胜精密	1	0	
300082	奥克股份	1	0	
300081	恒信移动	1	0	
300080	易成新能	1	0	
300079	数码视讯	1	0	
300078	思创医惠	1	0	
300077	国民技术	0.9186499	1	持币	
300076	GQY视讯	0.8998989	1	持币	
300075	数字政通	1	0	
300074	华平股份	1	0	
300073	当升科技	1	0	
300072	三聚环保	0.9144526	1	持币	
300071	华谊嘉信	1	0	
300070	碧水源	1	0	
300069	金利华电	1	0	
300068	南都电源	1	0	
300067	安诺其	1	0	
300066	三川股份	0.9000432	1	持币	
300065	海兰信	1	0	
300064	豫金刚石	1	0	
300063	天龙集团	1	0	
300062	中能电气	1	0	
300061	康耐特	1.171388	1	持股 1.171388	
300059	东方财富	1	0	
300058	蓝色光标	1	0	
300057	万顺股份	1	0	
300056	三维丝	1	0	
300055	万邦达	1	0	
300054	鼎龙股份	1	0	
300053	欧比特	1	0	
300052	中青宝	1	0	
300051	三五互联	1	0	
300050	世纪鼎利	1	0	
300049	福瑞股份	1	0	
300048	合康变频	1	0	
300047	天源迪科	1	0	
300046	台基股份	1	0	
300045	华力创通	0.8647541	1	持币	
300044	赛为智能	1	0	
300043	互动娱乐	1	0	
300042	朗科科技	1	0	
300041	回天新材	1	0	
300040	九洲电气	1	0	
300039	上海凯宝	1	0	
300038	梅泰诺	1	0	
300037	新宙邦	0.8999799	1	持币	
300036	超图软件	1	0	
300035	中科电气	1	0	
300034	钢研高纳	1	0	
300033	同花顺	1	0	
300032	金龙机电	1	0	
300031	宝通科技	1	0	
300030	阳普医疗	1	0	
300029	天龙光电	1	0	
300028	金亚科技	1	0	
300027	华谊兄弟	1	0	
300026	红日药业	1	0	
300025	华星创业	1	0	
300024	机器人	1	0	
300023	宝德股份	1	1	持股 0	一周内已买入	
300022	吉峰农机	1	0	
300021	大禹节水	1	0	
300020	银江股份	0.8909523	1	持币	
300019	硅宝科技	1	0	
300018	中元华电	1	0	
300017	网宿科技	1	0	
300016	北陆药业	1	0	
300015	爱尔眼科	1	0	
300014	亿纬锂能	1	0	
300013	新宁物流	1	0	
300012	华测检测	1	0	
300011	鼎汉技术	1	0	
300010	立思辰	1	0	
300009	安科生物	1	0	
300008	上海佳豪	1	0	
300007	汉威电子	1	0	
300006	莱美药业	1	0	
300005	探路者	1	0	
300004	南风股份	1	0	
300003	乐普医疗	1	0	
300002	神州泰岳	1	0	
300001	特锐德	1	0	
002787	华源包装	1	0	
002786	银宝山新	1	0	
002785	万里石	1	0	
002783	凯龙股份	1	0	
002782	可立克	1	0	
002781	奇信股份	1	1	持股 0	一周内已买入	
002780	三夫户外	1	0	
002779	中坚科技	0.9118283	1	持币	
002778	高科石化	1	0	
002777	久远银海	1	0	
002776	柏堡龙	0.9002721	1	持币	
002775	文科园林	1	0	
002773	康弘药业	1	0	
002772	众兴菌业	1	0	
002771	真视通	0.9003941	1	持币	
002770	科迪乳业	1	0	
002769	普路通	1	0	
002768	国恩股份	1.04	1	持币	
002767	先锋电子	1	0	
002766	索菱股份	1	0	
002765	蓝黛传动	1	0	
002763	汇洁股份	1	0	
002762	金发拉比	1	0	
002761	多喜爱	1	0	
002760	凤形股份	0.9927315	1	持股 0.9927315	
002759	天际股份	1	0	
002758	华通医药	1	0	
002757	南兴装备	1	0	
002756	永兴特钢	1	0	
002755	东方新星	1	0	
002753	永东股份	1	0	
002752	N兴股份	1	0	
002751	易尚展示	1	0	
002750	龙津药业	1	0	
002749	国光股份	1	0	
002748	世龙实业	1	0	
002747	埃斯顿	1	0	
002746	仙坛股份	1	0	
002745	木林森	1	0	
002743	富煌钢构	1	0	
002742	三圣特材	1	0	
002741	光华科技	1	0	
002740	爱迪尔	1	0	
002739	万达院线	1	0	
002738	中矿资源	1	0	
002737	葵花药业	1	0	
002736	国信证券	1	0	
002735	王子新材	0.8588933	1	持币	
002734	利民股份	1	0	
002733	雄韬股份	1	0	
002732	燕塘乳业	1	0	
002731	萃华珠宝	1	0	
002730	电光科技	1	0	
002729	好利来	1	0	
002728	台城制药	1	0	
002727	一心堂	1	0	
002726	龙大肉食	0.9735313	1	持股 0.9735313	
002725	跃岭股份	1	0	
002724	海洋王	1	0	
002723	金莱特	1	0	
002722	金轮股份	1	0	
002721	金一文化	1	0	
002719	麦趣尔	1	0	
002718	友邦吊顶	1	0	
002717	岭南园林	0.8791052	2	持股 0.9838829	
002716	金贵银业	1	0	
002715	登云股份	0.8474249	1	持币	
002714	牧原股份	0.8838615	1	持币	
002713	东易日盛	0.9001777	2	持股 0	一周内已买入	
002712	思美传媒	1	0	
002711	欧浦智网	1	0	
002709	天赐材料	1	0	
002708	光洋股份	1	0	
002707	众信旅游	1	0	
002706	良信电器	1	0	
002705	新宝股份	1	0	
002703	浙江世宝	1	0	
002702	海欣食品	1	0	
002701	奥瑞金	1	0	
002700	新疆浩源	1	0	
002699	美盛文化	1	0	
002698	博实股份	1	0	
002697	红旗连锁	1	0	
002696	百洋股份	1	0	
002695	煌上煌	1	0	
002694	顾地科技	1	0	
002693	双成药业	1	0	
002692	远程电缆	1	0	
002691	冀凯股份	1	0	
002690	美亚光电	0.9	1	持币	
002689	远大智能	1	0	
002688	金河生物	1	0	
002687	乔治白	1	0	
002686	亿利达	1	0	
002685	华东重机	1	0	
002684	猛狮科技	1	0	
002683	宏大爆破	1	0	
002682	龙洲股份	1	0	
002681	奋达科技	0.8999764	1	持币	
002680	黄海机械	1	0	
002679	福建金森	1	0	
002678	珠江钢琴	1	0	
002677	浙江美大	0.8744045	1	持币	
002676	顺威股份	1	0	
002675	东诚药业	0.8999408	1	持币	
002674	兴业科技	1	0	
002673	西部证券	1	0	
002672	东江环保	1	0	
002671	龙泉股份	1	0	
002670	华声股份	1	0	
002669	康达新材	0.8317757	1	持币	
002668	奥马电器	1	0	
002667	鞍重股份	1	0	
002666	德联集团	0.9091647	1	持币	
002665	首航节能	1	0	
002664	信质电机	1	0	
002663	普邦园林	1	0	
002662	京威股份	0.8907217	1	持币	
002661	克明面业	1	0	
002660	茂硕电源	1	0	
002659	中泰桥梁	1	0	
002658	雪迪龙	1	0	
002657	中科金财	1	0	
002656	卡奴迪路	1	0	
002655	共达电声	0.9	1	持币	
002654	万润科技	0.935976	2	持币	
002653	海思科	1	0	
002652	扬子新材	1	0	
002651	利君股份	1	0	
002650	加加食品	1	0	
002649	博彦科技	1	0	
002648	卫星石化	1	0	
002647	宏磊股份	1	0	
002646	青青稞酒	1	0	
002645	华宏科技	1	0	
002644	佛慈制药	1	0	
002643	万润股份	0.8846626	1	持币	
002642	荣之联	1	0	
002641	永高股份	1	0	
002640	跨境通	1	0	
002639	雪人股份	0.9022492	1	持币	
002638	勤上光电	1	1	持股 0	一周内已买入	
002637	赞宇科技	1	0	
002636	金安国纪	1	0	
002635	安洁科技	1	0	
002634	棒杰股份	0.9648039	2	持币	
002633	*ST申科	1	0	
002632	道明光学	1	0	
002631	德尔未来	1	0	
002630	华西能源	0.9034091	1	持币	
002629	仁智油服	0.9146593	1	持币	
002628	成都路桥	1.124157	1	持股 1.124157	
002627	宜昌交运	1	0	
002626	金达威	0.8867497	1	持币	
002625	龙生股份	1	0	
002624	完美环球	1	0	
002623	亚玛顿	1	0	
002622	永大集团	1	0	
002621	三垒股份	1	0	
002620	瑞和股份	1	0	
002619	巨龙管业	1	0	
002618	丹邦科技	1	0	
002617	露笑科技	1.038509	2	持币	
002616	长青集团	1	0	
002615	哈尔斯	1	0	
002614	蒙发利	1	0	
002613	北玻股份	1	0	
002612	朗姿股份	1	0	
002611	东方精工	1	0	
002610	爱康科技	1	0	
002609	捷顺科技	1	0	
002608	*ST舜船	1	0	
002607	亚夏汽车	1	0	
002606	大连电瓷	1	0	
002605	姚记扑克	1	0	
002604	龙力生物	1	0	
002603	以岭药业	1	0	
002602	世纪华通	1	0	
002601	佰利联	1	0	
002600	江粉磁材	1	0	
002599	盛通股份	1	0	
002598	山东章鼓	1	0	
002597	金禾实业	1	0	
002596	海南瑞泽	1	0	
002595	豪迈科技	1	0	
002594	比亚迪	1	0	
002593	日上集团	0.8349084	1	持币	
002592	八菱科技	1	0	
002591	恒大高新	1	0	
002590	万安科技	0.911157	1	持币	
002589	瑞康医药	1	0	
002588	史丹利	1	0	
002587	奥拓电子	1	0	
002586	围海股份	0.8001719	3	持股 0	一周内已买入	
002585	双星新材	0.9000806	1	持币	
002584	西陇科学	1	0	
002583	海能达	1	0	
002582	好想你	1	0	
002581	未名医药	1	0	
002580	圣阳股份	1	0	
002579	中京电子	1	0	
002578	闽发铝业	0.8098243	2	持币	
002577	雷柏科技	1	0	
002576	通达动力	1	0	
002575	群兴玩具	1	0	
002574	明牌珠宝	0.900104	1	持币	
002573	清新环境	1	0	
002572	索菲亚	1	0	
002571	德力股份	1	0	
002570	贝因美	1	0	
002569	步森股份	1	0	
002568	百润股份	1	0	
002567	唐人神	1	0	
002566	益盛药业	1	0	
002565	上海绿新	1	0	
002564	天沃科技	1	0	
002563	森马服饰	1	0	
002562	兄弟科技	1	0	
002561	徐家汇	1	0	
002560	通达股份	0.8999777	1	持币	
002559	亚威股份	1	0	
002558	世纪游轮	1	0	
002557	洽洽食品	1	0	
002556	辉隆股份	1	0	
002555	三七互娱	1	0	
002554	惠博普	1	0	
002553	南方轴承	1	0	
002552	宝鼎重工	1	0	
002551	尚荣医疗	1	0	
002550	千红制药	1	0	
002549	凯美特气	1	0	
002548	金新农	1	0	
002547	春兴精工	0.8325434	1	持币	
002546	新联电子	1.052208	1	持币	
002545	东方铁塔	0.9015152	1	持币	
002544	杰赛科技	1	0	
002543	万和电气	1	0	
002542	中化岩土	1	0	
002541	鸿路钢构	1	0	
002540	亚太科技	1	0	
002539	新都化工	1.018277	1	持股 1.018277	
002538	司尔特	1	0	
002537	海立美达	1	0	
002536	西泵股份	1	0	
002535	林州重机	1	0	
002534	杭锅股份	1	0	
002533	金杯电工	1	0	
002532	新界泵业	1	0	
002531	天顺风能	1	0	
002530	丰东股份	1	0	
002529	海源机械	1	0	
002528	英飞拓	1	0	
002527	新时达	1	0	
002526	山东矿机	1	0	
002524	光正集团	1	0	
002523	天桥起重	1	0	
002522	浙江众成	1	0	
002521	齐峰新材	1	0	
002520	日发精机	1	0	
002519	银河电子	1	0	
002518	科士达	1	0	
002517	泰亚股份	0.912901	1	持币	
002516	旷达科技	1	0	
002515	金字火腿	1	0	
002514	宝馨科技	1	0	
002513	蓝丰生化	0.9176717	1	持币	
002512	达华智能	1	0	
002511	中顺洁柔	1	0	
002510	天汽模	1	0	
002509	天广消防	1	0	
002508	老板电器	0.9134505	1	持币	
002507	涪陵榨菜	1	0	
002506	协鑫集成	1	0	
002505	大康牧业	0.7900993	2	持币	
002504	弘高创意	0.9	1	持币	
002503	搜于特	1	0	
002502	骅威股份	1.145098	1	持股 1.145098	
002501	利源精制	0.9033923	1	持币	
002500	山西证券	1	0	
002499	科林环保	1	0	
002498	汉缆股份	1	0	
002497	雅化集团	1	0	
002496	辉丰股份	1	0	
002495	佳隆股份	0.8998716	1	持币	
002494	华斯股份	1	0	
002493	荣盛石化	1	0	
002492	恒基达鑫	1	0	
002491	通鼎互联	1	0	
002490	山东墨龙	1	0	
002489	浙江永强	1	0	
002488	金固股份	1	0	
002487	大金重工	1	0	
002486	嘉麟杰	1	0	
002485	希努尔	1	0	
002484	江海股份	1	0	
002483	润邦股份	1	0	
002482	广田股份	1	0	
002481	双塔食品	1	0	
002480	新筑股份	1	0	
002479	富春环保	1	0	
002478	常宝股份	1	0	
002477	雏鹰农牧	1	0	
002476	宝莫股份	1	0	
002475	立讯精密	1	0	
002474	榕基软件	1	0	
002473	圣莱达	1	0	
002472	双环传动	1	0	
002471	中超控股	1	0	
002470	金正大	1	0	
002469	三维工程	1	0	
002468	艾迪西	1	0	
002467	二六三	0.9183673	1	持币	
002466	天齐锂业	1	0	
002465	海格通信	1	0	
002464	金利科技	1	0	
002463	沪电股份	1	0	
002462	嘉事堂	1	0	
002461	珠江啤酒	1	0	
002460	赣锋锂业	1	0	
002459	天业通联	1	0	
002458	益生股份	1	0	
002457	青龙管业	1	0	
002456	欧菲光	0.9062499	1	持币	
002455	百川股份	1	0	
002454	松芝股份	1	0	
002453	天马精化	1	0	
002452	长高集团	1.099778	1	持股 1.099778	
002451	摩恩电气	1	0	
002450	康得新	1	0	
002449	国星光电	1	0	
002448	中原内配	1	0	
002447	壹桥海参	1	0	
002446	盛路通信	1	0	
002445	中南重工	1	0	
002444	巨星科技	0.8549896	1	持币	
002443	金洲管道	1	0	
002442	龙星化工	0.9056839	1	持币	
002441	众业达	1	0	
002440	闰土股份	1	0	
002439	启明星辰	1	0	
002438	江苏神通	1	0	
002437	誉衡药业	1	0	
002436	兴森科技	1	0	
002435	长江润发	1	0	
002434	万里扬	1	0	
002433	太安堂	1	0	
002432	九安医疗	1	0	
002431	棕榈园林	1	0	
002430	杭氧股份	1	0	
002429	兆驰股份	1	0	
002428	云南锗业	1	0	
002427	尤夫股份	1	0	
002426	胜利精密	1	0	
002425	凯撒股份	1	0	
002424	贵州百灵	1	0	
002423	中原特钢	1.194942	1	持币	
002422	科伦药业	1	0	
002421	达实智能	1	0	
002420	毅昌股份	1	0	
002419	天虹商场	0.9032502	1	持币	
002418	康盛股份	1	0	
002417	*ST元达	1	0	
002416	爱施德	1	0	
002415	海康威视	1	0	
002414	高德红外	1	0	
002413	雷科防务	1	0	
002412	汉森制药	1	0	
002411	九九久	1	0	
002410	广联达	1	0	
002409	雅克科技	1	0	
002408	齐翔腾达	1	0	
002407	多氟多	1.004027	1	持股 1.004027	
002406	远东传动	1	0	
002405	四维图新	1	0	
002404	嘉欣丝绸	1	0	
002403	爱仕达	1	0	
002402	和而泰	0.8566351	1	持币	
002401	中海科技	1	0	
002400	省广股份	1	0	
002399	海普瑞	1	0	
002398	建研集团	1	0	
002397	梦洁家纺	1	0	
002396	星网锐捷	1	0	
002395	双象股份	0.8487256	1	持币	
002394	联发股份	0.9062845	1	持币	
002393	力生制药	1	0	
002392	北京利尔	1	0	
002391	长青股份	1	0	
002390	信邦制药	1	0	
002389	南洋科技	0.9001552	1	持币	
002388	新亚制程	1	0	
002387	黑牛食品	1	0	
002386	天原集团	1	0	
002385	大北农	1	0	
002384	东山精密	1	0	
002383	合众思壮	1	0	
002382	蓝帆医疗	1	0	
002381	双箭股份	1	0	
002380	科远股份	0.9025735	1	持币	
002379	鲁丰环保	1	0	
002378	章源钨业	1	0	
002377	国创高新	1	0	
002376	新北洋	1	0	
002375	亚厦股份	1	0	
002374	丽鹏股份	1	0	
002373	千方科技	1	0	
002372	伟星新材	1	0	
002371	七星电子	1.335691	1	持股 1.335691	
002370	亚太药业	1	0	
002369	卓翼科技	1	0	
002368	太极股份	1	0	
002367	康力电梯	1	0	
002366	台海核电	1	0	
002365	永安药业	1	0	
002364	中恒电气	1	0	
002363	隆基机械	1	0	
002362	汉王科技	1	0	
002361	神剑股份	1	0	
002360	同德化工	1	0	
002359	齐星铁塔	1	0	
002358	森源电气	1	0	
002357	富临运业	1	0	
002356	浩宁达	1	0	
002355	兴民钢圈	1.153037	1	持股 1.153037	
002354	天神娱乐	1	0	
002353	杰瑞股份	1	0	
002352	鼎泰新材	1	0	
002351	漫步者	1	0	
002350	北京科锐	1	0	
002349	精华制药	1	0	
002348	高乐股份	1	0	
002347	泰尔重工	1	0	
002346	柘中股份	0.956924	2	持股 1.0626	
002345	潮宏基	1	0	
002344	海宁皮城	1	0	
002343	慈文传媒	1	0	
002342	巨力索具	1	0	
002341	新纶科技	0.9076534	1	持币	
002340	格林美	1	0	
002339	积成电子	1	0	
002338	奥普光电	1	0	
002337	赛象科技	1	0	
002336	人人乐	1	0	
002335	科华恒盛	0.9001151	2	持股 0	一周内已买入	
002334	英威腾	1	0	
002333	罗普斯金	1	0	
002332	仙琚制药	1	0	
002331	皖通科技	1	0	
002330	得利斯	1	0	
002329	皇氏集团	1	0	
002328	新朋股份	1	0	
002327	富安娜	1	0	
002326	永太科技	1	0	
002325	洪涛股份	1	0	
002324	普利特	1	0	
002323	雅百特	1	0	
002322	理工监测	1	0	
002321	华英农业	1	0	
002320	海峡股份	1	0	
002319	乐通股份	1	0	
002318	久立特材	1	0	
002317	众生药业	1	0	
002316	键桥通讯	1	0	
002315	焦点科技	1	0	
002314	南山控股	1	0	
002313	日海通讯	1	0	
002312	三泰控股	1	0	
002311	海大集团	0.9049615	1	持币	
002310	东方园林	0.848106	1	持币	
002309	中利科技	1	0	
002308	威创股份	1	0	
002307	北新路桥	1	0	
002306	*ST云网	1	0	
002305	南国置业	1	0	
002304	洋河股份	0.9158083	1	持币	
002303	美盈森	1	0	
002302	西部建设	1	0	
002301	齐心集团	1	0	
002300	太阳电缆	1	0	
002299	圣农发展	0.9109091	1	持币	
002298	中电鑫龙	1	0	
002297	博云新材	1	0	
002296	辉煌科技	0.8574247	1	持币	
002295	精艺股份	0.8981978	1	持币	
002294	信立泰	1	0	
002293	罗莱生活	1	0	
002292	奥飞动漫	1	0	
002291	星期六	1	0	
002290	禾盛新材	1	0	
002289	宇顺电子	1	0	
002288	超华科技	1	0	
002287	奇正藏药	1	0	
002286	保龄宝	1	0	
002285	世联行	1	0	
002284	亚太股份	1	0	
002283	天润曲轴	1	0	
002282	博深工具	1	0	
002281	光迅科技	1	0	
002280	联络互动	1	0	
002279	久其软件	1	0	
002278	神开股份	1	0	
002277	友阿股份	1	0	
002276	万马股份	1	0	
002275	桂林三金	1	0	
002274	华昌化工	1	0	
002273	水晶光电	1	0	
002272	川润股份	1	0	
002271	东方雨虹	1	0	
002270	法因数控	1	0	
002269	美邦服饰	1	0	
002268	卫	1	0	
002267	陕天然气	1	0	
002266	浙富控股	1	0	
002265	西仪股份	1	0	
002264	新	1	0	
002263	大	1	0	
002262	恩华药业	1	0	
002261	拓维信息	1	0	
002260	德奥通航	1	0	
002259	升达林业	0.8881257	1	持币	
002258	利尔化学	1	0	
002256	彩虹精化	1	0	
002255	海陆重工	1	0	
002254	泰和新材	1	0	
002253	川大智胜	1	0	
002252	上海莱士	1.001273	1	持股 1.001273	
002251	步	1	0	
002250	联化科技	1	0	
002249	大洋电机	1.049976	1	持币	
002248	华东数控	1	0	
002247	帝龙新材	1.081783	1	持股 1.081783	
002246	北化股份	1	0	
002245	澳洋顺昌	1	0	
002244	滨江集团	1	0	
002243	通产丽星	1	0	
002242	九阳股份	1	0	
002241	歌尔声学	1	0	
002240	威华股份	1	0	
002239	奥特佳	1	0	
002238	天威视讯	1	0	
002237	恒邦股份	0.8444227	1	持币	
002236	大华股份	1	0	
002235	安妮股份	1	0	
002234	民和股份	1	0	
002233	塔牌集团	1	0	
002232	启明信息	1	0	
002231	奥维通信	1	0	
002230	科大讯飞	1	0	
002229	鸿博股份	1	0	
002228	合兴包装	1	0	
002227	奥	1	0	
002226	江南化工	1	0	
002225	濮耐股份	1	0	
002224	三	1	0	
002223	鱼跃医疗	1	0	
002222	福晶科技	1	0	
002221	东华能源	0.8519953	1	持币	
002220	天宝股份	0.8391106	1	持币	
002219	恒康医疗	1	0	
002218	拓日新能	1	0	
002217	合力泰	1	0	
002216	三全食品	1	0	
002215	诺	1	0	
002214	大立科技	0.9002751	1	持币	
002213	特	1	0	
002212	南洋股份	1	0	
002211	宏达新材	1	0	
002210	飞马国际	1	0	
002209	达	1	0	
002208	合肥城建	1	0	
002207	准油股份	1	0	
002206	海	1	0	
002205	国统股份	1	0	
002204	大连重工	1	0	
002203	海亮股份	1	0	
002202	金风科技	0.899591	1	持币	
002201	九鼎新材	1	0	
002200	云投生态	0.9109589	1	持币	
002199	东晶电子	1	0	
002198	嘉应制药	1	0	
002197	证通电子	1	0	
002196	方正电机	1	0	
002195	二三四五	1	0	
002194	武汉凡谷	1	0	
002193	山东如意	1	0	
002192	*ST融捷	1	0	
002191	劲嘉股份	0.8979104	1	持币	
002190	成飞集成	1	0	
002189	利达光电	1	0	
002188	新	1	0	
002187	广百股份	1	0	
002186	全	1	0	
002185	华天科技	1	0	
002184	海得控制	0.9010075	1	持币	
002183	怡	1	0	
002182	云海金属	1	0	
002181	粤	1	0	
002180	艾派克	1	0	
002179	中航光电	1	0	
002178	延华智能	1	0	
002177	御银股份	1	0	
002176	江特电机	1	0	
002175	东方网络	1	0	
002174	游族网络	1	0	
002173	千足珍珠	1	0	
002172	澳洋科技	1	0	
002171	楚江新材	0.837645	1	持币	
002170	芭田股份	1	0	
002169	智光电气	1	0	
002168	深圳惠程	1	0	
002167	东方锆业	0.9004256	1	持币	
002166	莱茵生物	1	0	
002165	红	1	0	
002164	宁波东力	1	0	
002163	中航三鑫	1	0	
002162	悦心健康	1	0	
002161	远	1	0	
002160	常铝股份	1	0	
002159	三特索道	1	0	
002158	汉钟精机	1	0	
002157	正邦科技	0.7633198	2	持币	
002156	通富微电	1	0	
002155	湖南黄金	0.8455804	1	持币	
002154	报	1	0	
002153	石基信息	1	0	
002152	广电运通	1	0	
002151	北斗星通	1	0	
002150	通润装备	0.9198198	1	持币	
002149	西部材料	0.9061017	1	持币	
002148	北纬通信	1	0	
002147	方圆支承	1	1	持股 0	一周内已买入	
002146	荣盛发展	1	0	
002145	中核钛白	0.9003195	1	持币	
002144	宏达高科	1	0	
002143	印纪传媒	0.9000275	1	持币	
002142	宁波银行	1	0	
002141	蓉胜超微	1	0	
002140	东华科技	1	0	
002139	拓邦股份	1	0	
002138	顺络电子	1	0	
002137	麦达数字	1	0	
002136	安	1	0	
002135	东南网架	1	0	
002134	天津普林	1	0	
002133	广宇集团	1	0	
002132	恒星科技	1	0	
002131	利欧股份	0.9741658	1	持股 0.9741658	
002130	沃尔核材	1	0	
002129	中环股份	1	0	
002128	露天煤业	1	0	
002127	新民科技	1	1	持股 0	一周内已买入	
002126	银轮股份	1	0	
002125	湘潭电化	1	0	
002124	天邦股份	1	0	
002123	荣信股份	1	0	
002122	天马股份	1	0	
002121	科陆电子	1	0	
002120	新海股份	1	0	
002119	康强电子	0.9024954	1	持币	
002118	紫鑫药业	1	0	
002117	东港股份	1	0	
002116	中国海诚	1	0	
002115	三维通信	1	0	
002114	罗平锌电	1	0	
002113	天润控股	1	0	
002112	三变科技	1	0	
002111	威海广泰	1	0	
002110	三钢闽光	1	0	
002109	兴化股份	0.8998935	1	持币	
002108	沧州明珠	1	0	
002107	沃华医药	1	0	
002106	莱宝高科	1	0	
002105	信隆实业	1	0	
002104	恒宝股份	1	0	
002103	广博股份	1	0	
002102	冠福股份	0.886626	1	持币	
002101	广东鸿图	1	0	
002100	天康生物	1	0	
002099	海翔药业	1	0	
002098	浔兴股份	1	0	
002097	山河智能	1	0	
002096	南岭民爆	1	0	
002095	生	1	1	持股 0	一周内已买入	
002094	青岛金王	1	0	
002093	国脉科技	1	0	
002092	中泰化学	1	0	
002091	江苏国泰	1	0	
002090	金智科技	1	0	
002089	新	1	0	
002088	鲁阳节能	1	0	
002087	新野纺织	1	0	
002086	东方海洋	1	0	
002085	万丰奥威	1	0	
002084	海鸥卫浴	1	0	
002083	孚日股份	1	0	
002082	栋梁新材	1	0	
002081	金	1	0	
002080	中材科技	1	0	
002079	苏州固锝	1	0	
002078	太阳纸业	1	0	
002077	大港股份	0.8677116	1	持币	
002076	雪	1	0	
002075	沙钢股份	1	0	
002074	国轩高科	1	0	
002073	软控股份	1	0	
002072	凯瑞德	1	0	
002071	长城影视	1	0	
002070	众和股份	1	0	
002069	獐	1	0	
002068	黑猫股份	1	0	
002067	景兴纸业	1	0	
002066	瑞泰科技	1	0	
002065	东华软件	1	0	
002064	华峰氨纶	1	0	
002063	远光软件	1	0	
002062	宏润建设	1	0	
002061	江山化工	1	0	
002060	粤	1	0	
002059	云南旅游	1	0	
002058	威	1	0	
002057	中钢天源	1	0	
002056	横店东磁	1	0	
002055	得润电子	1	0	
002054	德美化工	1	0	
002053	云南盐化	1	0	
002052	同洲电子	1	0	
002051	中工国际	1.070707	1	持股 1.070707	
002050	三花股份	1	0	
002049	同方国芯	1	0	
002048	宁波华翔	1	0	
002047	宝鹰股份	0.9116022	1	持币	
002046	轴研科技	0.8768396	1	持币	
002045	国光电器	1	0	
002044	美年健康	1	0	
002043	兔	1	0	
002042	华孚色纺	1	0	
002041	登海种业	1	0	
002040	南	1	0	
002039	黔源电力	1	0	
002038	双鹭药业	1	0	
002037	久联发展	1	0	
002036	汉麻产业	1	0	
002035	华帝股份	1	0	
002034	美	1	0	
002033	丽江旅游	0.8648481	1	持币	
002032	苏	1	0	
002031	巨轮智能	1	0	
002030	达安基因	1	0	
002029	七	1	0	
002028	思源电气	1	0	
002027	七喜控股	1	0	
002026	山东威达	0.8927065	1	持币	
002025	航天电器	1	0	
002024	苏宁云商	1	0	
002023	海特高新	1	0	
002022	科华生物	1	0	
002021	中捷资源	1	0	
002020	京新药业	1	0	
002019	亿帆鑫富	0.936	3	持股 0	一周内已买入	
002018	华信国际	1	0	
002017	东信和平	1	0	
002016	世荣兆业	1	0	
002015	*ST霞客	1	0	
002014	永新股份	1	0	
002013	中航机电	0.9059603	1	持币	
002012	凯恩股份	0.8212018	2	持币	
002011	盾安环境	1	0	
002010	传化股份	1	0	
002009	天奇股份	1.010425	2	持币	
002008	大族激光	1	0	
002007	华兰生物	1	0	
002006	精功科技	1	0	
002005	德豪润达	1	0	
002004	华邦健康	1	0	
002003	伟星股份	1	0	
002002	鸿达兴业	1	0	
002001	新	1	0	
001979	招商蛇口	1	0	
001896	豫能控股	1	0	
001696	宗申动力	1	0	
000999	华润三九	1	0	
000998	隆平高科	0.8872728	1	持币	
000997	新	1	0	
000996	中国中期	1	0	
000995	*ST皇台	1	0	
000993	闽东电力	1	0	
000990	诚志股份	0.8715128	1	持币	
000989	九	1	0	
000988	华工科技	0.9731238	2	持币	
000987	广州友谊	1	0	
000985	大庆华科	1	0	
000983	西山煤电	0.9550151	3	持股 0	一周内已买入	
000982	中银绒业	1	0	
000981	银亿股份	1	0	
000980	金马股份	1	0	
000979	中弘股份	1	0	
000978	桂林旅游	1	0	
000977	浪潮信息	1	0	
000976	*ST春晖	1	0	
000975	银泰资源	1	0	
000973	佛塑科技	1	0	
000972	新中基	1	0	
000971	高升控股	1.096537	1	持股 1.096537	
000970	中科三环	1	0	
000969	安泰科技	1	0	
000968	煤	1	0	
000967	上风高科	1	0	
000966	长源电力	0.8450547	2	持币	
000965	天保基建	1	0	
000963	华东医药	1	0	
000962	东方钽业	1	0	
000961	中南建设	1	0	
000960	锡业股份	1	0	
000959	首钢股份	1.059701	1	持币	
000958	东方能源	1	0	
000957	中通客车	0.9780131	1	持股 0.9780131	
000955	欣龙控股	1	0	
000953	河池化工	1	0	
000952	广济药业	1	0	
000951	中国重汽	1	0	
000950	建峰化工	1	0	
000949	新乡化纤	1	0	
000948	南天信息	1	0	
000939	凯迪生态	1	0	
000938	紫光股份	1	0	
000937	冀中能源	0.9031658	1	持币	
000936	华西股份	1	0	
000935	四川双马	1	0	
000933	神火股份	1.044327	2	持股 1.14876	
000932	华菱钢铁	1.010499	1	持股 1.010499	
000931	中	1	0	
000930	中粮生化	1	0	
000929	兰州黄河	1	0	
000928	中钢国际	1	0	
000927	*ST夏利	1	0	
000926	福星股份	1	0	
000925	众合科技	1	0	
000923	河北宣工	1	0	
000922	佳电股份	1	0	
000921	海信科龙	1	0	
000920	南方汇通	1	0	
000919	金陵药业	1	0	
000918	嘉凯城	1	0	
000917	电广传媒	1	0	
000916	华北高速	1	0	
000915	山大华特	1	0	
000913	钱江摩托	1	0	
000912	*ST天化	0.9131054	1	持币	
000911	南宁糖业	1	0	
000910	大亚科技	1	0	
000909	数源科技	1	0	
000908	景峰医药	1	0	
000906	物产中拓	1	0	
000905	厦门港务	1	0	
000903	云内动力	1	0	
000902	新洋丰	0.9149771	1	持币	
000901	航天科技	1	0	
000900	现代投资	1	0	
000899	赣能股份	0.9163281	1	持币	
000898	鞍钢股份	0.9813665	1	持股 0.9813665	
000897	津滨发展	0.8994108	2	持币	
000895	双汇发展	1	0	
000893	东凌粮油	1	0	
000892	*ST星美	1	0	
000890	法	1	0	
000889	茂业通信	1	0	
000888	峨眉山Ａ	1	0	
000887	中鼎股份	1	0	
000886	海南高速	1	0	
000885	同力水泥	1	0	
000883	湖北能源	1	0	
000882	华联股份	1	0	
000881	大连国际	1	1	持股 0	一周内已买入	
000880	潍柴重机	1	0	
000878	云南铜业	1	0	
000877	天山股份	1	0	
000876	新	1	0	
000875	吉电股份	1	0	
000869	张	1	0	
000868	安凯客车	1	0	
000863	三湘股份	1	0	
000862	银星能源	1	0	
000861	海印股份	1	0	
000860	顺鑫农业	0.9632495	1	持股 0.9632495	
000859	国风塑业	1	0	
000858	五	0.9055681	1	持币	
000856	冀东装备	1	0	
000852	石化机械	1	0	
000851	高鸿股份	0.900287	1	持币	
000850	华茂股份	1	0	
000848	承德露露	1	0	
000839	中信国安	1	0	
000838	财信发展	1.074447	1	持股 1.074447	
000837	秦川机床	1	0	
000836	鑫茂科技	1	0	
000835	长城动漫	1	0	
000833	贵糖股份	1	0	
000831	五矿稀土	1	0	
000830	鲁西化工	1	0	
000829	天音控股	1	0	
000828	东莞控股	1	0	
000826	启迪桑德	1	0	
000825	太钢不锈	0.9707317	1	持股 0.9707317	
000823	超声电子	1	0	
000822	山东海化	1	0	
000821	京山轻机	1	0	
000820	金城股份	1	0	
000819	岳阳兴长	1	0	
000818	方大化工	1	0	
000816	智慧农业	1	0	
000815	*ST美利	1	0	
000813	天山纺织	1	0	
000812	陕西金叶	1	0	
000811	烟台冰轮	1	0	
000810	创维数字	1	0	
000809	铁岭新城	1	0	
000807	云铝股份	0.8540002	2	持股 0.9329829	
000806	银河生物	1	0	
000803	金宇车城	1	0	
000802	北京文化	1	0	
000801	四川九洲	0.9001983	1	持币	
000800	一汽轿车	1	0	
000799	*ST酒鬼	1	0	
000798	中水渔业	0.9783258	1	持股 0.9783258	
000797	中国武夷	1	0	
000796	凯撒旅游	1	0	
000795	太原刚玉	0.893617	1	持币	
000793	华闻传媒	1	0	
000792	盐湖股份	1	0	
000791	甘肃电投	1	0	
000790	华神集团	1	0	
000789	万年青	1	0	
000788	北大医药	1	0	
000786	北新建材	1	0	
000785	武汉中商	0.9888524	1	持股 0.9888524	
000783	长江证券	1	0	
000782	美达股份	1	0	
000780	平庄能源	0.9007092	1	持币	
000779	三毛派神	1.134683	1	持股 1.134683	
000778	新兴铸管	1	0	
000777	中核科技	1	0	
000776	广发证券	1	0	
000768	中航飞机	1	0	
000767	漳泽电力	0.8592715	1	持币	
000766	通化金马	1	0	
000762	西藏矿业	1	0	
000761	本钢板材	0.9657534	1	持股 0.9657534	
000760	斯太尔	1	0	
000759	中百集团	1	0	
000758	中色股份	1	0	
000757	浩物股份	1	0	
000756	新华制药	1	0	
000755	山西三维	1	0	
000753	漳州发展	1	0	
000752	西藏发展	1	0	
000751	锌业股份	1	0	
000750	国海证券	1	0	
000748	长城信息	1	0	
000739	普洛药业	1	0	
000738	中航动控	1	0	
000737	南风化工	1	0	
000736	中房地产	0.895362	1	持币	
000735	罗	1	0	
000733	振华科技	0.9056	1	持币	
000732	泰禾集团	0.9190776	1	持币	
000731	四川美丰	1	0	
000729	燕京啤酒	1	0	
000728	国元证券	1	0	
000727	华东科技	1	0	
000726	鲁	0.9011461	1	持币	
000725	京东方Ａ	1	0	
000723	美锦能源	0.9363096	2	持币	
000722	湖南发展	1	0	
000721	西安饮食	1	0	
000720	新能泰山	1	0	
000719	大地传媒	1	0	
000718	苏宁环球	1	0	
000717	韶钢松山	0.9011406	1	持币	
000716	黑芝麻	1	0	
000715	中兴商业	1	0	
000713	丰乐种业	1	0	
000712	锦龙股份	1	0	
000711	*ST京蓝	1	0	
000710	天兴仪表	0.9002193	1	持币	
000709	河北钢铁	1.050778	1	持币	
000708	大冶特钢	0.8885376	1	持币	
000707	双环科技	1	0	
000705	浙江震元	1	0	
000703	恒逸石化	1	0	
000702	正虹科技	0.9	1	持币	
000701	厦门信达	1	0	
000700	模塑科技	1	0	
000698	沈阳化工	1	0	
000697	炼石有色	1	0	
000695	滨海能源	1	0	
000693	华泽钴镍	1	0	
000692	惠天热电	1	0	
000691	亚太实业	1	0	
000690	宝新能源	1	0	
000688	建新矿业	1	0	
000687	华讯方舟	1	0	
000686	东北证券	1	0	
000685	中山公用	1	0	
000683	远兴能源	1	0	
000682	东方电子	1	0	
000681	视觉中国	1	0	
000680	山推股份	1	0	
000679	大连友谊	1	0	
000678	襄阳轴承	0.860855	1	持币	
000677	*ST海龙	1	0	
000676	智度投资	1	0	
000673	当代东方	1	0	
000672	上峰水泥	1	0	
000671	阳	1	0	
000670	盈方微	1	0	
000669	金鸿能源	1	0	
000668	荣丰控股	1	0	
000667	美好集团	0.9335793	1	持股 0.9335793	
000666	经纬纺机	1	0	
000665	湖北广电	1	0	
000663	永安林业	1	0	
000662	索芙特	1	0	
000661	长春高新	1	0	
000659	*ST中富	1	0	
000657	中钨高新	1	0	
000656	金科股份	1	0	
000655	金岭矿业	1	0	
000652	泰达股份	1	0	
000651	格力电器	1	0	
000650	仁和药业	1	0	
000639	西王食品	1	0	
000638	万方发展	1	0	
000637	茂化实华	1	0	
000636	风华高科	1	0	
000635	英	0.9011799	1	持币	
000633	合金投资	1	0	
000632	三木集团	1	0	
000631	顺发恒业	1	0	
000630	铜陵有色	1	0	
000629	攀钢钒钛	0.8204231	2	持币	
000628	高新发展	0.8947059	1	持币	
000627	天茂集团	1	0	
000626	如意集团	1	0	
000625	长安汽车	1	0	
000623	吉林敖东	1	0	
000622	恒立实业	1	0	
000620	新华联	1	0	
000619	海螺型材	1	0	
000617	石油济柴	1	0	
000616	海航投资	1	0	
000615	湖北金环	1.040326	1	持币	
000613	大东海A	1	0	
000612	焦作万方	1	0	
000611	*ST蒙发	1	0	
000610	西安旅游	1	0	
000609	绵世股份	1	0	
000608	阳光股份	0.9052454	1	持币	
000607	华媒控股	1	0	
000606	青海明胶	0.9	1	持币	
000605	渤海股份	0.8841484	1	持币	
000603	盛达矿业	0.9132544	1	持币	
000601	韶能股份	1	0	
000600	建投能源	1	0	
000599	青岛双星	1	0	
000598	兴蓉环境	1	0	
000597	东北制药	0.8761553	1	持币	
000596	古井贡酒	0.8918153	1	持币	
000595	宝塔实业	0.9001663	1	持币	
000594	*ST国恒	1	0	
000593	大通燃气	1	0	
000592	平潭发展	1	0	
000591	桐	1	0	
000590	*ST古汉	1	0	
000589	黔轮胎Ａ	1	0	
000587	金叶珠宝	1	0	
000586	汇源通信	1.219209	1	持股 1.219209	
000585	东北电气	1	0	
000584	友利控股	1	0	
000582	北部湾港	1	0	
000581	威孚高科	1	0	
000576	广东甘化	1.099781	1	持股 1.099781	
000573	粤宏远Ａ	0.9275885	2	持币	
000572	海马汽车	1	0	
000571	新大洲Ａ	1	0	
000570	苏常柴Ａ	1	0	
000568	泸州老窖	1	0	
000567	海德股份	1	0	
000566	海南海药	1	0	
000565	渝三峡Ａ	1	0	
000564	西安民生	1	0	
000563	陕国投Ａ	0.9098976	1	持币	
000562	宏源证券	1	0	
000561	烽火电子	0.9	1	持币	
000560	昆百大Ａ	1	0	
000559	万向钱潮	1	0	
000558	莱茵体育	1	0	
000557	*ST广夏	1	0	
000555	神州信息	1	0	
000554	泰山石油	1	0	
000553	沙隆达Ａ	1	0	
000552	靖远煤电	0.8100877	2	持币	
000551	创元科技	1	0	
000550	江铃汽车	1	0	
000548	湖南投资	1	0	
000547	航天发展	1	0	
000546	金圆股份	1	0	
000545	金浦钛业	1	0	
000544	中原环保	1	0	
000543	皖能电力	1	0	
000541	佛山照明	1	0	
000540	中天城投	1	0	
000539	粤电力Ａ	1	0	
000538	云南白药	1	0	
000537	广宇发展	1	0	
000536	华映科技	1	0	
000534	万泽股份	1	0	
000533	万	0.9521636	2	持币	
000532	力合股份	1	0	
000531	穗恒运Ａ	0.867975	1	持币	
000530	大冷股份	0.9005943	1	持币	
000529	广弘控股	1	0	
000528	柳	1	0	
000526	银润投资	1	0	
000525	红	1	0	
000524	岭南控股	1	0	
000523	广州浪奇	1	0	
000521	美菱电器	1	0	
000520	长航凤凰	0.9001624	1	持币	
000519	江南红箭	0.9364992	2	持币	
000518	四环生物	0.9511508	2	持股 1.050139	
000517	荣安地产	1	0	
000516	国际医学	1	0	
000514	渝	1	0	
000513	丽珠集团	1	0	
000511	烯碳新材	1	0	
000510	*ST金路	1	0	
000509	华塑控股	1	0	
000507	珠海港	1	0	
000506	中润资源	1	0	
000505	珠江控股	1	0	
000504	南华生物	0.896741	1	持币	
000503	海虹控股	1	0	
000502	绿景控股	1	0	
000501	鄂武商Ａ	1	0	
000498	山东路桥	0.8328749	3	持股 1.010714	
000488	晨鸣纸业	1	0	
000430	张家界	1	0	
000429	粤高速Ａ	1	0	
000428	华天酒店	1	0	
000426	兴业矿业	1	0	
000425	徐工机械	1	0	
000423	东阿阿胶	1	0	
000422	湖北宜化	1	0	
000421	南京中北	1	0	
000420	吉林化纤	1.049505	1	持股 1.049505	
000419	通程控股	1	0	
000418	小天鹅Ａ	0.8098267	2	持币	
000417	合肥百货	1	0	
000416	民生控股	1	0	
000415	渤海租赁	1	0	
000413	东旭光电	1	0	
000411	英特集团	1	0	
000410	沈阳机床	1	0	
000409	山东地矿	0.8236776	2	持币	
000408	金谷源	1	0	
000407	胜利股份	1	0	
000404	华意压缩	1	0	
000403	ST生化	1	0	
000402	金	1	0	
000401	冀东水泥	1	0	
000400	许继电气	1	0	
000338	潍柴动力	1	0	
000333	美的集团	0.9064794	1	持币	
000301	东方市场	1	0	
000166	申万宏源	1	0	
000159	国际实业	0.8996655	1	持币	
000158	常山股份	1	0	
000157	中联重科	1	0	
000156	华数传媒	1	0	
000155	*ST川化	1	0	
000153	丰原药业	1	0	
000151	中成股份	1	0	
000150	宜华健康	1	0	
000100	TCL	1	0	
000099	中信海直	1	0	
000096	广聚能源	1	0	
000090	天健集团	1	0	
000089	深圳机场	1	0	
000088	盐	1	0	
000078	海王生物	1	0	
000070	特发信息	1	0	
000069	华侨城Ａ	1	0	
000068	*ST华赛	1	0	
000066	长城电脑	1	0	
000065	北方国际	1	0	
000063	中兴通讯	1	0	
000062	深圳华强	1	0	
000061	农	1	0	
000060	中金岭南	1	0	
000059	*ST华锦	1	0	
000058	深	1	0	
000056	皇庭国际	0.8896751	1	持币	
000055	方大集团	1	0	
000050	深天马Ａ	1	0	
000049	德赛电池	1	0	
000048	康达尔	1.149856	1	持币	
000046	泛海控股	1	0	
000045	深纺织Ａ	1	0	
000043	中航地产	1	0	
000042	中洲控股	0.8668925	1	持币	
000040	宝安地产	0.9003236	1	持币	
000039	中集集团	1	0	
000038	深大通	1	0	
000037	深南电Ａ	1	0	
000036	华联控股	0.8896883	1	持币	
000035	中国天楹	1	0	
000034	深信泰丰	1	0	
000033	*ST新都	1	0	
000032	深桑达Ａ	1	0	
000031	中粮地产	1	0	
000030	富奥股份	1	0	
000029	深深房Ａ	1	0	
000028	国药一致	1	0	
000027	深圳能源	1	0	
000026	飞亚达Ａ	1	0	
000025	特	0.8797554	1	持币	
000024	招商地产	1	0	
000023	深天地Ａ	1	0	
000022	深赤湾Ａ	1	0	
000021	深科技	1	0	
000020	深华发Ａ	0.9004708	1	持币	
000019	深深宝Ａ	1	0	
000018	神州长城	0.9113541	1	持币	
000017	深中华A	1	0	
000016	深康佳Ａ	1	0	
000014	沙河股份	1	0	
000012	南	1	0	
000011	深物业A	1	0	
000010	深华新	1	0	
000009	中国宝安	1	0	
000008	神州高铁	1	0	
000007	零七股份	1	0	
000006	深振业Ａ	1	0	
000005	世纪星源	1	0	
000004	国农科技	1	0	
000002	万	1	0	
000001	平安银行	1	0	
